a = [1 -1 0; -1 2 -1; 0 -1 1];
b = [0 0 1; 0 2 0; 3 0 0];

c = a*b
d = b*a